id,User1,User2,User3,User4,User5
2,1454,243,1585,1220,1785
3,447,1977,1289,426,60
4,1587,1472,1817,557,1154
5,1987,1782,467,1405,848
6,188,1773,1334,1013,1014
7,1666,1457,339,1808,46
8,1394,538,252,1033,1881
9,1385,1895,512,1034,1398
10,1566,1390,1404,1441,1416
11,326,804,25,1652,162
12,614,1759,1107,189,1176
13,1773,188,1334,1013,1014
14,642,563,303,1238,460
15,1689,1404,848,1709,5
16,911,1080,1489,859,1776
17,578,749,1346,1198,1001
18,640,1264,1639,308,1271
20,1853,1557,460,105,1249
21,1821,1120,690,1659,1988
22,86,903,1442,587,1176
23,737,2077,1787,856,32
24,1220,1838,1120,2039,1766
25,326,713,11,1222,1652
26,1809,1051,595,1623,1944
27,979,188,1773,1334,1013
28,290,188,1773,1334,1013
29,532,1920,578,1568,1773
30,1189,417,1272,1675,1773
31,954,248,1164,534,1010
32,398,1506,1520,1280,23
33,282,469,519,1923,362
34,1974,1441,10,315,1545
35,188,1773,1334,1013,1014
36,525,1743,2041,1020,362
37,176,1019,1012,860,1626
38,1797,431,1686,688,188
39,307,1621,548,935,285
40,257,566,951,1551,935
41,595,377,51,295,1860
42,1647,458,1778,1797,543
43,1504,1233,2,283,1587
44,1815,623,61,891,1138
45,1056,150,253,830,589
46,815,1780,1810,684,305
47,1272,399,1966,1457,1809
48,963,413,1308,558,985
49,1661,506,409,1855,1075
50,769,236,475,465,1277
51,877,616,491,295,1396
52,1593,2010,261,1113,924
53,795,11,240,745,1234
54,885,1850,1578,1298,502
55,382,1969,2032,1829,481
56,1573,2084,346,2042,1664
57,920,906,1107,1920,101
58,1197,375,875,1647,1014
59,1012,455,446,539,1247
60,805,1638,1747,1085,1977
61,1006,1302,465,1424,1815
62,1728,38,132,259,688
63,869,1010,188,1773,1334
64,1869,1641,1104,1761,460
65,545,1613,2065,1151,1921
66,699,683,480,1038,359
68,417,1532,1895,2087,1120
69,168,1382,1975,1395,842
70,1574,196,1676,670,1491
71,1159,1093,1350,519,212
72,1773,188,1334,1013,1014
73,1202,1089,1029,1038,668
74,698,1833,1022,1137,1431
75,1388,1046,1278,1447,305
76,110,1902,1730,621,146
77,2008,1702,289,171,643
78,255,936,837,935,1557
79,1294,486,414,985,1308
80,22,1353,752,261,1501
81,1912,1996,957,213,573
82,1289,220,97,1992,989
83,443,1976,1680,1386,1342
84,631,800,402,1592,1968
85,1093,1775,1040,491,849
86,22,1296,279,587,1176
87,72,2071,1773,188,1334
88,188,1773,1334,1013,1014
89,545,2041,1547,289,521
90,1588,562,1007,175,163
91,846,454,1029,73,1309
92,1212,188,1773,1334,1013
94,625,511,1441,315,1795
95,781,682,1388,150,149
96,1773,188,1334,1013,1014
97,1112,82,1422,582,1123
98,1988,72,1773,188,1334
99,1797,1566,38,1765,1198
100,596,436,1029,1797,1407
101,844,1111,1743,1984,1730
102,1199,1404,1449,1405,534
103,1669,1647,1773,188,1334
104,385,1682,946,1272,451
105,936,1557,1125,1284,255
106,1118,1491,786,105,1614
107,1986,595,265,1968,738
108,2100,449,1228,1324,798
109,979,1968,1040,2020,1174
110,227,674,146,76,1572
111,1228,1204,860,1995,398
112,188,1773,1334,1013,1014
113,595,1353,519,587,1986
114,402,1627,1010,188,1773
115,188,1773,1334,1013,1014
116,439,1969,855,1382,822
117,1466,1542,699,614,1104
118,1619,512,839,914,469
119,887,2015,978,377,178
120,188,1773,1334,1013,1014
121,814,1283,188,1773,1334
122,228,188,1773,1334,1013
123,198,716,752,435,1682
124,1041,395,2042,371,587
125,1594,793,196,298,1707
126,415,1820,1828,1423,862
127,1040,1978,939,2077,1613
128,1508,1832,1585,132,38
129,130,1124,1646,1795,1033
130,129,1120,72,816,1773
131,1697,1204,1474,1991,37
132,770,1776,985,38,1189
133,781,1564,1189,1014,1773
134,1305,2038,882,305,1388
135,1023,1026,557,987,1540
136,632,815,700,339,1808
137,632,286,1690,690,1742
139,1157,1176,308,616,585
140,1797,1084,10,1805,1337
141,188,1773,1334,1013,1014
142,1900,864,997,761,718
143,2052,1449,835,788,1223
144,816,1773,188,1334,1013
145,2021,1186,1457,1666,494
146,110,227,1471,1198,226
147,470,1071,965,1828,819
148,2075,1785,1491,1473,1155
149,1128,682,516,1682,150
150,72,188,1773,1334,1013
151,150,1440,1686,971,682
152,593,1809,289,367,1615
153,450,262,241,441,1138
154,188,1773,1334,1013,1014
155,1601,846,1530,1074,1749
156,188,1773,1334,1013,1014
157,788,753,1978,488,835
158,145,1974,1902,1956,781
159,910,132,2033,571,380
161,512,587,1984,1619,1865
162,326,2079,884,2061,11
163,175,562,1150,1588,1957
164,623,1583,2062,567,406
166,1987,1405,5,538,784
168,69,746,842,1395,784
170,265,1322,1118,2001,606
171,821,1566,1765,1773,188
172,2020,1068,1075,609,196
173,1911,1428,1438,1906,1950
174,1302,1015,966,662,1419
175,163,1150,2094,1106,584
176,2034,567,749,1964,1626
177,1623,1330,377,1110,2015
178,119,1029,2015,1992,2043
179,340,1293,1776,333,13
180,1782,188,1773,1334,1013
181,1384,2045,573,786,484
182,458,853,1185,194,1752
183,1508,1427,446,1316,2068
184,999,1656,598,644,477
185,1775,1022,188,1773,1334
186,1483,1312,1773,188,1334
187,699,852,117,1987,417
188,1773,1334,1013,1014,72
189,737,1112,265,2081,773
190,770,932,47,1856,117
191,434,188,1773,1334,1013
192,1501,582,854,2067,672
193,1190,455,1845,1450,859
194,1832,1844,1075,829,1587
195,1420,557,188,1773,1334
196,1594,1832,2008,1947,1566
198,1442,265,747,123,716
200,1997,549,1010,1671,188
201,1089,620,1386,2053,1999
202,1158,372,241,869,254
203,188,1773,1334,1013,1014
204,1857,1340,2057,1951,251
205,1118,657,371,277,1995
206,365,188,1773,1334,1013
207,958,126,1346,415,1197
208,548,1258,828,433,295
209,905,713,72,1511,816
210,913,446,1909,1246,553
211,686,954,257,476,77
212,976,71,1172,2053,188
213,1759,1442,70,1490,225
214,378,985,260,1937,1308
215,188,1773,1334,1013,1014
216,780,1293,887,43,1926
217,1709,177,91,250,102
218,644,959,188,1773,1334
219,741,1613,126,415,1219
220,1964,82,1390,10,1527
223,638,425,383,1808,1666
224,480,1956,1038,699,2014
225,582,1030,685,86,213
226,884,1687,815,146,46
227,110,146,498,1555,781
228,122,188,1773,1334,1013
229,188,1773,1334,1013,1014
230,1717,804,1300,312,1445
231,1726,2061,1757,702,1097
232,585,1308,1120,498,965
233,472,1558,75,703,13
234,822,921,1759,213,1969
235,1296,1313,377,1322,119
236,1646,1215,50,609,1279
237,1964,1566,1133,1441,643
238,1660,250,282,1887,1587
240,911,53,1234,72,1014
241,1619,1358,1138,1604,459
242,1294,1988,1435,498,1555
243,1910,1188,1838,675,862
244,733,645,1533,569,1253
247,1001,1670,1177,705,2027
248,1278,1453,679,31,1198
249,525,639,1176,1743,1613
250,282,1974,292,623,406
251,1067,204,1295,967,876
252,1365,538,310,1780,1578
253,45,256,1606,329,589
254,478,1267,1088,521,1183
255,78,2028,837,936,2006
256,414,253,1788,898,335
257,40,566,1551,1393,935
258,188,1773,1334,1013,1014
259,913,2045,1372,277,62
260,214,1869,486,378,1308
261,1501,953,1479,949,1745
262,153,1110,1232,208,416
263,1881,1466,503,1053,1070
264,38,132,1159,1686,688
265,170,512,2001,198,189
266,1982,2013,1835,1407,1773
267,355,1132,966,1605,1145
268,1174,865,459,2077,827
269,11,1762,456,188,1773
270,188,1773,1334,1013,1014
271,781,339,910,46,417
273,920,1183,1737,1011,557
274,1152,312,1577,1445,1974
275,1010,188,1773,1334,1013
277,1118,1797,914,1615,1277
278,2061,1726,72,231,1014
279,1599,86,1743,582,1519
280,2033,1354,2032,1553,2020
281,709,950,656,1010,188
282,250,623,1792,1889,33
283,43,644,576,2028,1641
284,188,1773,1334,1013,1014
285,931,1530,383,1809,180
286,1071,781,632,339,1808
288,871,925,1709,627,436
289,1020,367,545,521,1566
290,28,188,1773,1334,1013
291,797,1725,385,1178,1736
292,623,962,529,1792,895
293,1568,29,1824,1620,1473
294,980,1554,307,109,982
295,491,1858,877,51,1860
296,1644,188,1773,1334,1013
297,1832,1337,1016,2010,1746
298,1594,1997,125,1707,196
299,1184,1623,541,1829,362
300,668,1686,800,2042,1986
301,2020,1606,2038,414,13
302,1365,875,1521,620,351
303,685,640,334,785,541
304,188,1773,1334,1013,1014
305,1305,1726,1564,701,13
306,650,11,1010,188,1773
307,294,39,1102,980,1231
308,835,1040,2077,378,402
310,1365,1780,1578,1963,252
311,173,1911,838,863,1796
312,1445,110,1398,274,146
313,595,1353,714,1089,1172
314,1509,1083,1388,1351,149
315,511,1566,1795,1441,1797
316,986,839,1442,1619,1982
317,907,764,1411,402,1153
318,1272,965,47,1606,305
319,1183,478,1340,254,1068
320,2094,1223,997,1737,1832
321,1858,499,188,1773,1334
322,700,1954,305,1476,1961
324,1858,738,719,1860,715
325,1089,40,1393,714,313
326,25,1652,11,162,1146
327,1278,2087,159,2033,232
328,1826,691,770,1741,1491
329,1899,1646,243,1795,2037
330,1128,1707,38,1572,2077
331,1788,1896,733,129,1515
332,781,1517,1145,267,1898
333,179,965,1264,340,147
334,1594,849,1530,196,2008
335,256,126,1006,415,568
336,838,904,1212,1835,59
337,1064,418,51,208,877
338,1174,308,109,268,950
339,1071,1808,1564,286,136
340,179,1697,1614,1071,749
341,1395,1991,1751,842,1770
342,1627,2020,1653,196,559
343,865,324,719,640,402
344,188,1773,1334,1013,1014
345,188,1773,1334,1013,1014
346,1566,1220,2020,1275,301
347,1613,1688,545,839,1759
348,875,1615,72,188,1773
349,356,1019,198,1491,366
350,1663,1908,501,1124,1300
351,1742,1365,302,1715,862
352,1028,1722,13,816,1773
353,188,1773,1334,1013,1014
354,188,1773,1334,1013,1014
355,267,2038,545,1797,1014
356,1743,349,582,1111,435
357,1947,1785,919,1797,477
358,1691,1855,658,837,765
359,683,66,1454,117,2052
360,692,1999,1235,74,1618
361,572,1263,339,136,286
362,870,830,36,1872,1160
363,927,521,1772,946,1377
364,1992,137,934,764,1303
365,206,1638,188,1773,1334
366,1888,1289,1212,567,1261
367,289,1323,1259,545,1016
368,643,1405,1789,1036,2086
369,787,1727,1261,567,464
370,329,1778,861,2010,1717
371,657,205,1775,210,124
372,649,431,1670,1483,202
374,188,1773,1334,1013,1014
375,188,1773,1334,1013,1014
376,520,595,1702,877,519
377,595,903,41,235,119
378,214,486,1022,308,1629
380,339,405,1666,910,1532
382,55,1060,1929,234,1759
383,1337,1797,223,975,1318
385,451,1283,1132,1272,797
386,817,568,605,437,719
387,498,1533,1910,778,815
388,2053,621,424,308,1986
390,417,46,1572,305,271
391,1925,205,1809,1677,152
392,188,1773,1334,1013,1014
393,1298,465,1594,1357,1707
394,1816,915,173,1687,1804
395,124,2001,208,170,614
396,73,2080,59,925,64
397,188,1773,1334,1013,1014
398,32,1441,718,1838,1302
399,400,47,781,1429,1145
400,399,47,2023,632,965
401,2076,1950,173,1937,130
402,1428,491,1978,308,1627
403,1865,1337,2021,516,145
404,47,1599,188,1773,1334
405,380,1591,1593,795,1489
406,1322,623,627,606,2010
407,188,1773,1334,1013,1014
408,1407,1966,859,94,430
409,1476,995,1462,322,13
410,578,1387,814,1836,899
411,1034,957,2000,188,1773
412,188,1773,1334,1013,72
413,1308,985,558,1132,1033
414,542,632,1457,339,1715
415,1820,126,1821,470,1828
416,444,777,1089,262,2003
417,1532,852,1895,781,390
418,784,567,1853,1957,1404
419,188,1773,1334,1013,1014
420,1074,495,1979,1471,1440
421,1071,1808,470,965,286
423,136,1209,1956,1456,632
424,763,113,388,372,649
425,1001,1132,1455,1808,223
426,1085,1977,1228,697,447
427,1216,1377,1802,981,1245
428,1210,761,1202,683,1454
430,683,408,643,446,1210
431,38,1508,1196,1797,1277
432,668,614,1444,971,1020
433,1544,208,763,550,1296
434,191,188,1773,1334,1013
435,1743,716,525,356,101
436,2034,871,1407,596,100
437,1715,351,386,302,533
438,188,1773,1334,1013,1014
439,1969,116,957,1694,1382
440,1289,1546,1360,1085,1896
441,568,153,746,1084,386
442,1456,1454,1956,480,932
443,1976,1680,83,489,699
444,416,926,471,1710,2003
446,534,1973,1838,852,686
447,426,1977,1975,697,1101
449,295,108,738,1671,208
450,1350,837,489,1627,541
451,1272,385,47,1198,1559
452,1010,188,1773,1334,1013
453,737,173,710,596,1950
454,91,1125,1827,1929,1309
455,59,398,265,512,1551
456,1509,1058,671,1253,314
457,969,2053,912,241,1944
458,188,1773,1334,1013,1014
459,1174,2077,1978,268,308
460,725,1790,1977,1021,1329
461,1630,725,728,1773,188
462,1992,934,1405,440,1140
463,188,1773,1334,1013,1014
464,913,1964,1566,1831,369
465,1964,1405,315,769,1566
466,938,620,302,1455,1172
467,5,1303,1462,637,1021
468,1707,2077,1899,1394,492
469,1172,715,519,891,33
470,1071,1808,965,477,1666
471,1947,1044,488,2055,196
472,233,2033,2087,75,315
473,1725,2079,1145,961,1489
474,1102,1691,1600,888,2029
475,1797,1001,50,1219,38
476,1708,2033,863,2087,398
477,72,701,816,1014,13
478,1067,254,521,1428,1051
479,1027,286,781,667,498
480,683,66,1038,224,699
481,527,1688,1829,1188,1979
482,1831,1573,1661,1420,188
484,1611,1835,181,520,11
485,1240,1265,1638,188,1773
486,378,79,1773,188,1334
487,1675,514,819,916,1872
488,566,157,1375,720,489
489,1627,402,541,1309,450
490,1273,1405,1946,779,315
491,51,295,1396,402,550
492,1959,2032,1778,468,990
493,188,1773,1334,1013,1010
494,2021,1186,1283,145,243
495,420,267,72,1773,188
496,1846,1841,2046,1254,1025
497,701,1773,188,72,1334
498,778,1533,1027,1555,479
499,188,1773,1334,1013,1014
500,936,1557,20,931,1284
501,1572,350,569,965,1828
502,852,1908,1300,2018,1222
503,38,502,688,690,132
504,1521,1011,525,188,1773
506,520,49,935,686,1089
507,1029,1530,871,362,1019
508,1149,1697,1167,1854,1933
509,188,1773,1334,1013,1014
510,188,1773,1334,1013,1014
511,188,1773,1334,1013,1014
512,839,265,1107,614,1906
513,1223,1271,1052,838,1541
514,1128,965,487,470,1457
515,1964,1333,2092,1844,1329
516,1558,149,2046,1703,614
517,1874,1657,2099,1261,1284
518,1351,413,701,1014,72
519,751,869,1860,800,1978
520,376,506,1702,534,1889
521,741,1428,289,2072,478
523,188,1773,1334,1013,1014
525,36,1743,1107,1935,1111
526,188,1773,1334,1013,1014
527,481,305,1605,1198,1305
529,1671,623,1792,962,292
530,1980,1955,94,188,1773
531,1189,1145,47,399,781
532,1636,29,578,1796,946
533,125,896,1833,437,1639
534,2087,72,1014,816,1773
535,1219,976,1380,1784,1069
536,188,1773,1334,1013,1014
537,188,1773,1334,1013,1014
538,756,667,1033,1833,252
539,1012,59,1010,188,1773
540,1210,1653,683,1532,2
541,1889,1792,1627,623,489
542,1564,414,1726,819,1820
543,1778,1403,315,1231,1220
544,688,1977,2013,765,1995
545,2022,1476,289,1613,1808
546,606,1986,869,1322,377
547,1319,188,1773,1334,1013
548,208,677,828,2100,39
549,1728,623,2093,1702,200
550,491,595,402,1428,51
551,188,1773,1334,1013,1014
552,1166,354,78,188,1334
553,809,795,1229,210,1226
555,679,1053,1017,243,248
556,1806,1818,1054,919,1977
557,1551,1026,135,940,1514
558,413,1308,985,1014,1132
559,1354,2081,342,1627,1615
560,1514,1099,823,2046,1760
561,702,1593,617,405,1961
562,163,90,1588,175,375
563,1061,1792,642,1223,1449
565,1293,1164,1926,1010,188
566,257,40,488,1551,188
567,1992,418,176,829,1470
568,335,441,386,1923,1946
569,501,1683,1263,1485,244
570,1793,1446,1179,957,1005
571,1795,1517,1753,136,286
572,361,2037,898,1023,1564
573,1180,1282,1662,181,1965
574,668,1020,1088,946,1160
575,136,534,700,632,815
576,283,982,897,1167,294
577,1653,1976,1411,1497,188
578,532,29,17,410,749
579,1733,550,2060,433,208
580,1524,1021,818,871,189
581,1899,1615,1562,2068,1844
582,225,22,279,1743,356
583,1796,525,716,12,722
584,175,1106,415,318,659
585,232,1676,1583,1394,1193
586,2100,1064,607,1924,108
587,2042,22,86,746,903
589,1056,45,253,1773,188
590,1458,1465,778,1617,668
592,809,1968,375,1023,859
593,152,1069,878,1369,1476
594,188,1773,1334,1013,1014
595,377,41,51,491,1986
596,100,436,917,1104,1992
598,184,644,2013,688,137
601,1976,1754,1342,18,1242
602,1019,1403,849,1442,1008
603,1807,188,1773,1334,1013
604,659,965,1908,1308,136
605,458,817,386,1185,874
606,1322,546,1999,1623,406
607,2100,586,931,108,1493
608,1644,707,1596,488,549
609,1605,808,787,1527,1519
611,188,1773,1334,1013,1014
612,1821,1120,1140,1565,1387
613,188,1773,1334,1013,1014
614,1107,986,939,1703,432
615,188,1773,1334,1013,1014
616,51,800,1396,877,41
617,1248,417,1593,1532,1895
618,1890,1862,20,1677,1710
619,1566,1133,1705,1406,369
620,2053,302,466,1299,621
621,852,1963,110,425,1780
622,1012,1508,1708,1785,32
623,1792,292,282,541,44
624,2013,398,1534,1350,59
625,94,799,1354,693,728
627,1322,595,406,1860,1846
628,2028,1255,1491,1190,968
629,1416,1911,785,1594,2010
631,2084,84,2008,1832,738
632,286,136,815,1717,137
633,1823,1177,1530,1373,668
634,696,976,1093,753,700
635,1243,1846,919,511,1349
636,1453,853,159,910,1278
637,1021,467,188,1773,1334
638,965,223,1572,1564,136
639,249,264,1733,868,1063
640,709,1792,1627,1264,1889
641,1272,451,1771,1476,289
642,1061,563,1792,14,1223
643,237,430,681,1702,1275
644,218,184,598,959,1653
645,244,1544,1803,188,1773
646,1423,781,1820,1189,1145
647,1883,1255,1016,758,1789
649,372,431,1158,1214,1196
650,789,1879,306,585,1583
651,413,859,1308,985,193
652,1551,1556,1352,265,1100
654,1597,280,991,1525,188
655,188,1773,1334,1013,1014
656,772,1182,281,188,1773
657,1118,205,371,512,741
658,1190,1646,358,236,609
659,604,690,2057,965,136
660,2061,767,911,2070,162
661,1386,1459,601,1976,467
662,966,1132,545,267,930
663,1902,1956,807,34,76
664,784,1470,168,567,1992
665,1952,188,1773,1334,1013
666,852,446,1646,417,155
667,701,72,816,13,1014
668,300,1509,432,971,2042
669,1380,1988,1088,668,1872
670,1566,1220,1821,70,1198
671,456,451,1632,326,339
672,188,1773,1334,1013,1014
673,38,1380,1419,431,2042
674,110,1478,2038,1198,1188
675,243,1102,1821,415,910
676,295,1858,1140,869,188
677,1531,548,738,2100,2060
678,953,1428,2022,1686,1138
679,555,415,126,1820,1318
680,1189,2018,1145,781,646
681,643,1728,1601,1352,2090
682,733,700,149,136,150
683,1038,1210,1454,66,480
684,46,1564,1726,339,305
685,2008,402,1455,1068,511
686,211,446,2033,2046,852
687,188,1773,1334,1013,1014
688,38,2013,1451,1686,503
689,13,188,1773,1014,1334
690,1821,415,965,1726,898
691,1765,1606,1910,1186,1478
692,214,1427,260,1937,898
693,94,625,1414,1079,799
694,1249,1029,596,1551,1242
695,805,1078,1900,188,1773
696,976,1702,1627,1840,1845
697,1154,426,606,43,1101
698,1795,74,1753,571,1075
699,66,187,1639,117,402
700,136,815,1717,632,1053
701,13,1773,188,1334,1013
702,1071,136,286,2061,231
703,233,701,1307,13,816
704,1034,2059,1897,188,1773
705,885,621,1950,793,1194
706,188,1773,1334,1013,1014
707,2088,608,188,1773,1334
708,188,1773,1334,1013,1014
709,640,950,1978,281,1174
710,1243,1900,1258,1824,1343
711,753,1978,835,950,459
712,188,1773,1334,1013,1014
713,25,1511,209,380,1699
714,1211,1232,313,935,1618
715,1172,491,324,1858,469
716,1111,36,525,435,198
717,542,1821,1564,414,1132
718,398,1441,1838,1012,1190
719,324,640,1860,1639,738
720,488,157,1375,1774,188
721,907,1148,1455,1405,685
722,1384,965,808,985,1457
723,1457,414,7,145,79
725,460,1021,806,461,2036
726,188,1773,1334,1013,1014
727,1697,37,563,1238,1204
728,1746,1138,741,596,1309
729,874,1551,1010,188,1773
730,767,680,1707,413,196
731,1773,188,1334,1013,1014
732,853,1909,1300,413,1532
733,682,1001,1430,244,1666
734,567,1832,784,1806,1896
735,188,1773,1334,1013,1014
736,831,893,984,1912,1034
737,2077,23,189,856,1396
738,1860,324,2060,631,295
739,61,1006,1231,1656,432
741,818,1546,1220,1814,1219
742,1605,1765,527,1620,2092
743,2065,1690,2053,1226,1540
744,1892,1010,1773,188,1334
745,53,188,1773,1334,1013
746,1107,839,168,1490,587
747,198,1442,1857,716,734
749,1797,1071,1828,17,415
750,1972,188,1773,1334,1013
751,1890,519,1677,188,1773
752,123,882,1745,1214,1501
753,788,157,1978,1192,378
754,1914,1407,1838,1153,1187
756,188,1773,1334,1013,1014
757,1820,1564,1983,46,1423
758,2038,1256,647,1016,1947
759,1797,749,383,1566,1480
760,1264,402,1592,362,678
761,428,1653,480,683,1454
762,188,1773,1334,1013,1014
763,424,525,433,1011,893
764,541,1342,364,907,317
765,1992,1470,1289,997,989
767,730,773,585,446,210
768,188,1773,1334,1013,1014
769,853,50,465,913,1566
770,132,985,1229,1633,136
771,1116,188,1773,1334,1013
772,656,188,1773,1334,1013
773,895,737,189,1193,767
776,1773,188,1334,1013,1463
777,914,2003,416,277,1190
778,1517,498,632,1808,136
779,1273,2066,490,1692,1323
780,216,1998,1451,1575,730
781,1145,72,286,816,1773
782,1557,544,936,989,1284
784,1405,418,1050,567,1404
785,629,1255,256,1633,253
786,1813,1479,261,649,1862
787,369,1519,1605,609,1403
788,157,753,1978,835,1010
789,650,1574,213,1879,479
790,1080,593,732,1776,925
791,794,188,1773,1334,1013
792,1346,47,173,1272,1384
793,125,1120,136,1821,985
794,1273,1722,188,1773,1334
795,53,502,1300,339,405
797,13,188,1773,1334,1013
798,927,119,108,520,548
799,625,94,754,1622,1286
800,300,84,1986,631,1267
801,260,2064,64,1549,1928
802,188,1773,1334,1013,1014
804,11,1826,230,1784,702
805,695,60,1638,1313,1140
806,1715,725,2029,683,1173
807,1082,1092,663,1934,1902
808,722,609,1255,315,1337
809,875,1229,553,1056,830
810,79,83,443,960,469
812,1157,1833,213,22,86
813,864,1982,1514,1383,1098
814,946,1786,1452,899,410
815,136,1132,700,46,632
816,1773,188,1334,1013,1014
817,386,1414,605,614,939
818,741,1403,609,1832,2062
819,542,1564,147,414,965
820,407,294,1641,188,1334
821,171,612,2010,1052,1313
822,234,1005,1969,921,1694
823,1079,560,1530,1749,1809
824,188,1773,1334,1013,1014
825,989,1053,1439,962,784
826,188,1773,1334,1013,1014
827,268,1040,109,849,1174
828,832,548,208,838,324
829,1688,2032,1832,567,1566
830,1088,1051,45,1056,362
831,129,1505,2,1481,736
832,999,828,1655,71,1887
834,189,1118,20,1428,181
835,308,788,1978,157,753
836,188,1773,1334,1013,1014
837,1635,1972,991,1728,450
838,859,398,1049,1835,837
839,512,1107,746,986,614
840,1192,1712,1295,2042,1303
841,136,1312,614,986,632
842,1382,997,168,69,1969
843,905,1276,1774,1857,1524
844,101,1519,1730,1161,1984
845,869,188,1773,1334,1013
846,91,155,1183,596,1044
847,667,1833,858,538,1351
848,1050,784,1708,1060,567
849,1040,2034,2084,334,1831
850,1611,1427,73,211,370
851,415,1466,1666,339,1457
852,417,502,621,1646,1808
853,769,636,732,1762,130
854,1759,1501,192,583,1157
855,1566,50,2008,1530,643
856,737,2077,1340,23,1267
858,667,538,1351,1053,1753
859,911,838,408,932,534
860,1228,1861,1313,111,1240
861,1808,1071,425,2072,370
862,243,1136,1910,126,1188
863,1566,1190,188,1773,1334
864,1508,813,431,1063,1615
865,1858,268,1174,459,950
868,249,888,1706,371,1752
869,188,1773,1334,1013,1014
870,362,1264,254,188,1773
871,288,2034,436,925,2097
873,542,339,1564,965,1726
874,2066,1551,729,1926,1282
875,1628,809,302,339,2087
876,2081,251,1707,921,1720
877,51,295,491,1396,616
878,593,1369,2054,1131,188
881,1424,1302,1051,398,1936
882,1478,46,1521,1385,2038
884,226,162,1423,2087,830
885,1850,54,339,781,705
886,188,1773,1334,1013,1014
887,119,2015,216,1853,178
888,426,1547,2033,1703,1706
889,1212,784,1340,471,418
890,2077,1010,188,1773,1334
891,1839,44,927,614,469
893,763,1733,1912,736,859
895,773,1574,70,1028,292
896,837,1635,432,1658,991
897,174,188,1773,1334,1013
898,690,572,1869,256,413
899,946,814,1444,1920,1020
900,1641,1902,1946,312,972
903,22,377,1490,1176,587
904,336,1835,838,1194,188
905,209,1446,1873,1413,1071
906,1572,57,1920,1768,1828
907,1889,721,1271,317,541
908,154,1841,188,1773,1334
909,545,12,1107,149,1906
910,339,243,159,271,675
911,859,2070,1568,240,1577
912,2077,1627,459,402,1978
913,1778,464,2013,38,1797
914,277,1393,1827,777,1380
915,478,1158,173,1067,1784
916,479,11,286,1027,498
917,1650,1637,1832,2034,436
919,511,2096,1470,2032,398
920,57,1375,188,1773,1334
921,234,822,1362,957,1720
922,1982,188,1773,1334,1013
924,1113,1791,1116,1578,1593
925,1899,871,288,436,1646
926,444,1273,454,935,1827
927,363,891,716,1551,1158
928,936,1557,255,1284,105
929,1025,37,767,964,1882
930,1088,946,662,830,362
931,51,616,285,1396,1860
932,859,1372,1264,1956,575
933,1313,2084,2034,1566,1911
934,1951,462,1012,364,1309
935,257,40,714,78,211
936,1557,1284,105,2006,928
938,466,1786,1001,1666,1973
939,614,1176,525,36,1107
940,1036,1280,1708,1746,1416
941,1354,79,1973,969,930
942,1693,188,1773,1334,1013
943,1981,188,1773,1334,1013
946,814,1682,930,899,1450
948,1565,837,406,2010,1094
949,1743,1111,261,1925,356
950,1174,709,865,711,1978
951,40,1551,257,557,455
952,1687,1373,1104,673,1773
953,2008,678,1019,1686,1715
954,211,1541,31,1393,117
955,788,1869,214,260,378
957,439,2000,411,1929,921
958,207,1670,188,1773,1334
959,1661,218,1855,644,482
960,79,188,1773,1334,1013
961,1360,1217,473,2092,849
962,292,623,529,1792,1709
963,48,413,898,1226,1308
964,1887,188,1773,1334,1013
965,1572,1564,1828,1606,470
966,1132,1071,267,339,1808
967,1295,173,1214,1051,818
968,94,1491,1255,628,1190
969,1973,457,2053,1944,1656
971,668,1444,432,1509,1483
972,837,1700,33,1085,1885
975,383,1852,1423,1658,1540
976,696,1430,1855,1219,2008
977,1062,1615,1562,2083,188
978,119,1358,1556,235,1623
979,109,1968,1530,1562,1366
980,294,982,697,307,1231
981,1360,2043,1998,427,1582
982,980,576,294,1231,307
984,46,415,451,322,851
985,413,470,1308,1071,1132
986,1107,614,1176,1619,839
987,339,1356,781,1023,1832
989,1977,1480,1085,765,1832
990,784,2032,1084,1746,1506
991,837,1635,1728,896,1987
993,1751,1861,1807,295,1638
994,2052,764,1007,1622,1989
995,409,188,1773,1334,1013
996,1076,1073,1271,1700,1914
997,842,784,718,69,765
998,425,1272,73,1897,227
999,184,832,1207,699,1110
1001,425,475,733,1666,7
1002,1791,1451,1139,1833,1120
1003,1643,1186,1222,1786,1433
1004,1732,1205,188,1773,1334
1005,1382,822,1676,670,1879
1006,1291,61,1790,1261,1438
1007,90,994,163,1150,1588
1008,1050,1335,860,602,426
1009,188,1773,1334,1013,1014
1010,188,1773,1334,1013,1014
1011,1070,1259,1318,920,504
1012,1508,1708,1635,622,1832
1013,1773,188,1334,1014,72
1014,1773,188,1334,1013,72
1015,1816,1373,174,1177,821
1016,1212,567,647,829,758
1017,675,1332,1866,1555,417
1018,1296,491,623,1493,86
1019,953,678,362,2008,602
1020,289,36,2041,574,1682
1021,637,1707,1832,541,460
1022,378,1978,1775,74,346
1023,965,1564,1606,542,375
1024,1467,1028,1974,1157,65
1025,1846,1206,719,1772,496
1026,135,557,241,225,395
1027,479,498,1593,286,1300
1028,352,895,1024,1680,1401
1029,699,73,178,1498,91
1030,225,1720,22,1971,86
1032,563,1144,1061,642,1792
1033,538,1301,413,129,2037
1034,1471,1895,146,411,1385
1035,1495,188,1773,1334,1013
1036,1280,940,1407,1711,369
1037,1732,188,1773,1334,1013
1038,683,66,480,73,224
1039,700,1897,816,13,188
1040,849,127,109,308,1733
1041,124,1773,188,1334,1013
1042,1762,451,385,1283,1053
1044,471,846,1404,1016,91
1046,75,1388,701,13,816
1047,1276,1701,78,935,506
1049,188,1773,1334,1013,1014
1050,784,848,1289,567,1008
1051,830,1088,1160,1712,478
1052,612,1354,346,933,821
1053,700,667,136,815,632
1054,919,1806,1784,1995,1182
1055,1607,1151,1177,1823,633
1056,45,589,830,1304,399
1057,1131,72,816,13,1773
1058,1829,456,150,151,1773
1060,1182,1228,848,842,382
1061,563,642,1224,1792,1223
1062,977,188,1773,1334,1013
1063,864,1544,1733,1537,639
1064,586,188,1773,1334,1013
1065,188,1773,1334,1013,1014
1067,478,254,760,800,1088
1068,1809,737,402,1749,1929
1069,593,668,1948,1555,1423
1070,1303,1011,503,1920,1690
1071,1808,470,286,339,1666
1072,1572,965,1828,1606,1811
1073,1700,1792,177,563,1330
1074,1973,420,2087,1069,155
1075,1832,1188,1910,543,1425
1076,996,1874,2099,1005,1773
1078,268,695,865,1174,459
1079,823,1796,939,147,722
1080,1776,45,1056,1304,1564
1081,188,1773,1334,1013,1014
1082,807,1092,1902,2057,1485
1083,1145,314,2069,289,236
1084,1741,1441,1366,140,990
1085,426,1019,989,440,97
1086,562,1846,662,1979,163
1087,1705,1404,2092,619,596
1088,830,1160,1051,930,362
1089,73,201,1215,325,1551
1090,1116,1262,1819,188,1334
1091,545,1156,861,1909,839
1092,1300,1902,1027,1082,807
1093,1358,1225,71,85,969
1094,1826,1198,1407,1686,1785
1097,1973,231,243,1910,1646
1098,1258,1514,1982,813,188
1099,1514,1274,2093,1760,560
1100,622,119,1228,37,1926
1101,1284,718,1557,936,426
1102,1691,2033,2029,675,1188
1103,188,1773,1334,1013,1014
1104,1466,898,64,596,1006
1106,2094,175,1829,1001,1533
1107,614,986,746,525,1176
1108,1755,297,1617,188,1773
1109,1071,965,470,1808,1466
1110,377,746,519,308,999
1111,1743,101,716,949,525
1112,189,1422,97,1845,979
1113,924,1578,1593,1472,617
1114,315,511,1071,1797,1566
1115,188,1773,1334,1013,1014
1116,924,771,1113,1262,188
1118,657,205,277,170,106
1119,2095,1354,188,1773,1334
1120,72,1773,188,1334,1013
1121,1854,188,1334,1013,1773
1122,1980,188,1773,1334,1013
1123,97,1787,602,1289,848
1124,129,130,350,1821,1457
1125,105,257,454,188,1773
1126,188,1773,1334,1013,1014
1128,330,514,1682,149,38
1130,188,1773,1334,1013,1014
1131,1057,878,1369,593,72
1132,966,1808,815,339,1071
1133,237,1566,1964,1441,1831
1134,188,1773,1334,1013,1014
1135,1307,13,701,339,1132
1136,862,1541,632,2033,527
1137,2071,87,816,188,1773
1138,678,728,1790,44,1653
1139,1445,1002,906,1001,1659
1140,612,1313,676,1378,462
1143,1863,966,162,1741,701
1144,1364,1224,1274,1061,1032
1145,781,531,1780,1476,399
1146,326,1652,25,162,1684
1147,830,1664,188,1773,1334
1148,721,1287,1841,1010,188
1149,188,1773,1334,1013,1014
1150,175,163,2094,1588,1957
1151,1177,1055,2019,65,1091
1152,274,432,1280,1265,2081
1153,1746,754,1518,1223,852
1154,697,1235,1514,426,1534
1155,168,10,1718,1329,1182
1156,927,1091,1455,336,363
1157,1107,812,1890,139,839
1158,1442,202,649,927,915
1159,71,264,1333,2030,525
1160,1088,1444,830,1051,362
1161,844,76,1930,1519,882
1163,188,1773,1334,1013,1014
1164,31,2029,632,137,761
1165,1200,458,605,1185,686
1166,552,1972,1862,78,255
1167,697,576,1154,426,447
1170,1941,2033,1566,1832,1661
1171,1607,2071,1489,1435,1423
1172,2053,469,715,466,1353
1173,1514,1202,1746,1454,137
1174,268,459,109,865,2077
1176,939,1107,986,1353,47
1177,1151,1373,1055,633,2019
1178,797,1950,385,1434,1056
1179,667,1461,1423,538,858
1180,573,1662,905,816,1773
1181,1900,1987,1844,1459,1325
1182,1228,1060,656,1238,366
1183,1160,1088,319,254,792
1184,125,299,1307,1283,13
1185,458,1646,1910,243,1425
1186,2021,145,1425,1666,778
1187,754,1914,961,799,784
1188,243,1910,1690,1102,1566
1189,30,531,781,132,1145
1190,863,1491,1255,718,1741
1191,943,1958,188,1773,1334
1192,1712,753,788,1396,1196
1193,1676,773,585,70,1574
1194,1534,1765,705,621,1963
1195,1470,815,439,1005,1289
1196,431,649,38,1192,1772
1197,147,2061,494,207,2068
1198,1795,1765,1478,1821,1600
1199,102,1707,754,1316,427
1200,1165,1639,18,1237,1839
1202,1173,73,428,1210,329
1204,1557,1617,936,1382,1697
1205,1004,188,1773,1334,1013
1206,1025,324,719,1889,1792
1207,999,1974,1707,1110,177
1209,423,1010,188,1773,1334
1210,428,1454,683,1585,540
1211,714,1232,666,1618,1811
1212,1016,567,889,366,92
1213,1777,1624,188,1773,1334
1214,1483,649,308,967,2001
1215,1646,236,1186,1089,145
1216,427,1245,1998,1377,1011
1217,1420,1036,961,61,1705
1219,741,535,976,1277,1220
1220,741,1566,315,1546,670
1221,1822,752,1323,204,602
1222,2018,502,25,1856,1003
1223,1404,563,1153,1792,1914
1224,1061,1144,642,1364,1864
1225,1093,188,1773,1334,1013
1226,690,1006,1564,965,638
1228,860,111,426,1182,871
1229,770,809,1401,553,1833
1230,1032,188,1773,1334,1013
1231,543,739,1133,557,1514
1232,714,1211,1672,683,262
1233,1821,21,43,1120,675
1234,732,240,149,53,1332
1235,1154,1545,359,1194,1621
1236,1712,903,1727,512,377
1237,50,1474,1712,236,149
1238,1656,1182,1977,1914,642
1239,1546,1926,1830,1295,1615
1240,485,1952,1650,1804,940
1242,986,1619,2090,1551,1439
1243,710,1824,635,188,1773
1244,1708,596,100,625,436
1245,1957,1216,1802,1430,1546
1246,1104,1456,210,252,143
1247,413,339,470,965,1071
1248,617,1877,2037,1533,2036
1249,694,1029,622,1313,1427
1253,414,1811,339,1564,1511
1254,2030,496,856,1976,1556
1255,315,1337,1566,1190,289
1256,1815,758,1637,1701,1153
1258,710,1900,208,1098,1520
1259,545,1011,367,614,378
1261,369,1006,1910,1279,1438
1262,188,1773,1334,1013,1014
1263,361,1253,569,1592,1567
1264,760,402,640,1401,1592
1265,485,647,97,1383,1152
1266,188,1773,1334,1013,1014
1267,254,1809,800,1295,856
1270,1450,1980,1318,1819,2070
1271,907,18,1449,1997,513
1272,47,451,1966,318,641
1273,794,779,2041,490,969
1274,1099,2093,1466,117,1144
1275,346,852,1554,1220,315
1276,1047,1861,843,1019,602
1277,431,1832,1686,1830,567
1278,75,248,1388,1921,327
1279,1261,1669,1646,236,609
1280,1036,940,32,1711,622
1281,188,1773,1334,1013,1014
1282,1926,966,1793,2096,874
1283,385,741,494,1666,451
1284,936,1557,1101,105,2006
1286,933,1050,2047,1313,799
1287,1148,2100,1358,721,548
1288,1012,1332,1618,174,1005
1289,440,1050,1546,1470,366
1290,188,1773,1334,1013,1014
1291,1006,1790,301,1261,1104
1292,1369,1525,188,1773,1334
1293,1773,188,1334,1013,1014
1294,242,79,1988,188,1773
1295,967,2034,1303,1831,1267
1296,1018,86,235,433,737
1298,393,667,1106,885,1850
1299,620,2053,1821,1120,1429
1300,1908,502,1301,965,1092
1301,1300,1033,1308,965,413
1302,1424,1952,1936,2034,398
1303,1070,1295,10,351,2034
1304,47,399,1056,45,1429
1305,305,1726,684,1564,46
1307,1135,13,701,816,1773
1308,413,985,965,1908,1301
1309,1594,1325,489,334,728
1310,188,1773,1334,1013,1014
1311,1791,1965,1895,617,910
1312,1483,186,986,841,1619
1313,933,235,1140,1404,1405
1315,188,1773,1334,1013,1014
1316,2021,145,1666,1707,188
1318,383,1011,1337,315,679
1319,547,792,1068,1530,685
1321,1814,1539,2008,631,1128
1322,406,627,606,170,546
1323,367,1422,289,521,779
1324,108,1287,1923,2100,1029
1325,1309,23,475,1240,1712
1327,1010,188,1773,1334,1013
1329,1333,10,1718,102,1923
1330,177,1641,1073,1869,469
1331,1006,450,623,1623,541
1332,1820,1423,46,271,126
1333,1416,1277,2092,2009,1329
1334,1773,188,1013,1014,72
1335,1008,1557,1723,1700,1329
1336,188,1773,1334,1013,1014
1337,1566,383,1255,1797,414
1339,196,38,1832,1277,1947
1340,856,1650,1950,204,319
1342,1976,1754,601,764,292
1343,1644,710,188,1773,1334
1345,1761,1928,1410,1271,200
1346,792,17,207,36,2041
1347,188,1773,1334,1013,1014
1348,1017,1866,2094,72,673
1349,635,817,511,1414,1773
1350,450,402,2052,71,1904
1351,667,858,518,1388,538
1352,681,2090,250,188,1773
1353,1176,575,265,839,113
1354,1566,1765,2081,188,1773
1355,688,1451,176,784,1470
1356,987,1489,339,1222,781
1357,393,2057,1029,37,1426
1358,1093,51,241,208,978
1360,981,567,1896,1016,440
1362,1809,1340,1720,1760,1068
1363,1107,946,1946,1216,1450
1364,1144,1224,1630,1914,259
1365,1742,1780,415,310,252
1366,1661,1741,1084,1425,11
1367,1897,1286,848,1050,1039
1368,2069,1259,13,701,1773
1369,1525,1292,1519,787,1605
1371,273,1710,1677,432,614
1372,259,1566,1198,315,932
1373,1177,633,952,1015,26
1374,1703,2070,1216,402,189
1375,488,920,157,720,293
1376,1773,188,1334,1013,1014
1377,427,1216,1896,1016,2043
1378,1140,848,1050,1718,10
1379,1828,1572,252,2033,1606
1380,669,1784,2042,38,535
1381,1019,728,2020,1387,426
1382,1005,842,1969,69,997
1383,2032,315,1910,1387,1570
1384,722,38,614,792,1686
1385,882,1895,1034,781,9
1386,829,1459,661,1688,1680
1387,2040,410,1186,612,1383
1388,75,188,1773,1334,1013
1389,1416,1832,1566,739,1188
1390,10,1566,1831,1527,2034
1393,1427,914,257,1827,954
1394,286,1071,632,8,1808
1395,69,168,746,1050,1382
1396,491,51,737,1192,295
1397,188,1773,1334,1013,1014
1398,312,1692,2057,230,9
1399,13,1773,188,1334,1013
1401,1264,1229,1833,668,2042
1402,188,1773,1334,1013,1014
1403,1519,1605,1778,543,1535
1404,1405,10,1637,784,829
1405,784,465,1404,829,567
1406,1848,619,1422,1377,168
1407,408,2013,1981,1746,38
1408,188,1773,1334,1013,1014
1410,1588,1145,797,781,1189
1411,1653,1579,317,141,577
1413,905,1564,479,965,667
1414,464,1524,913,817,1796
1416,2034,1333,1831,10,1438
1418,1743,1307,1135,1111,349
1419,966,1132,2042,662,614
1420,1994,1217,1831,482,785
1421,943,1981,728,805,1964
1422,1845,1995,1112,367,1481
1423,1820,646,415,1559,305
1424,1302,1936,398,881,38
1425,1186,2020,1910,1198,862
1426,516,1357,841,467,584
1427,1393,1027,183,1508,257
1428,402,678,985,173,521
1429,399,417,47,781,1808
1430,733,145,1957,976,1245
1431,690,1580,1616,1428,898
1432,188,1773,1334,1013,1014
1433,370,329,795,754,1003
1434,1423,361,1178,1033,809
1435,242,498,1555,227,1171
1437,188,1773,1334,1013,1014
1438,1416,1006,173,1261,10
1439,1963,986,1830,1535,512
1440,830,151,1515,1674,149
1441,511,315,398,1838,1795
1442,1158,198,22,614,213
1443,1264,188,1773,1334,1013
1444,1160,971,432,946,899
1445,312,110,227,2065,1856
1446,905,1873,209,1413,570
1447,75,1388,425,1046,2038
1449,1997,102,1846,143,1889
1450,1682,946,1160,1245,1088
1451,1998,688,1791,1833,1355
1452,814,2076,351,145,188
1453,248,636,339,46,684
1454,1210,2,683,1585,2080
1455,425,1332,1476,685,1017
1456,1246,24,442,1956,477
1457,7,1666,414,47,145
1458,590,188,1773,1334,1013
1459,1386,1976,661,1181,1303
1461,1179,72,188,1773,1334
1462,301,409,2020,2038,917
1463,1441,1838,612,398,1853
1464,1737,913,73,837,62
1465,136,1517,778,126,815
1466,965,1808,470,72,816
1467,1024,362,1146,519,1157
1469,47,1272,1773,188,1334
1470,567,511,919,1992,829
1471,542,146,2031,1564,1034
1472,1113,4,557,623,1500
1473,2059,670,1593,305,1910
1474,936,1237,1438,1557,1740
1475,816,2099,188,1773,1334
1476,1145,2033,531,545,409
1477,1642,1395,2091,188,1773
1478,1821,1198,2038,1606,415
1479,261,86,786,1536,279
1480,667,465,759,858,989
1481,741,913,818,1422,334
1483,186,1214,1312,372,1014
1484,1809,1506,1030,316,741
1485,2032,315,1974,647,1383
1486,188,1773,1334,1013,1014
1488,188,1773,1334,1013,1014
1489,1356,405,1591,1171,1833
1490,746,1176,903,22,512
1491,1190,70,1255,968,362
1492,789,650,472,188,1773
1493,295,1018,327,677,1589
1494,1563,188,1773,1334,1013
1495,1638,1035,922,188,1773
1496,1669,398,1506,476,1797
1497,1653,529,577,623,1411
1498,1029,446,540,666,1246
1499,1914,1007,296,1499,1893
1500,2003,1840,557,1904,1997
1501,261,1906,2067,582,86
1502,2016,1190,1491,628,188
1503,45,821,1954,188,1773
1504,43,1706,1255,1337,289
1505,1454,831,1202,73,1210
1506,94,1518,1785,32,476
1507,1435,188,1773,1334,1013
1508,1012,431,864,128,1708
1509,1537,668,1568,314,456
1511,1528,781,713,339,1305
1513,1190,32,913,919,2013
1514,1099,1173,1760,560,1982
1515,1788,1471,1440,1304,1178
1516,421,1160,362,971,188
1517,778,1808,1533,571,1071
1518,1506,623,32,1153,1883
1519,188,1773,1334,1013,1014
1520,398,32,1258,2013,47
1521,302,882,2087,504,2038
1522,1729,47,1272,1966,1809
1524,1992,1414,1951,1857,567
1525,1369,1292,654,188,1773
1527,609,1566,1198,1354,1390
1528,1511,781,339,1628,1564
1530,1562,334,1749,109,979
1531,877,677,208,979,178
1532,417,1895,68,965,2037
1533,2037,498,1517,700,815
1534,458,1194,1011,1154,823
1535,1403,1283,1963,1272,494
1536,869,1858,491,715,51
1537,1509,1568,830,1051,314
1538,188,1773,1334,1013,1014
1539,188,1773,1334,1013,1014
1540,1615,1821,286,21,502
1541,1136,954,1393,611,1164
1542,117,699,66,898,764
1543,188,1773,1334,1013,1014
1544,433,1063,1773,188,1334
1545,2062,1974,1936,2024,1485
1546,741,440,1220,1566,1814
1547,871,89,888,1219,2034
1549,70,1864,188,1773,1334
1551,566,257,1012,557,874
1552,188,1773,1334,1013,1014
1553,280,1798,403,275,1683
1554,109,756,1275,907,481
1555,1717,498,227,1222,1017
1556,1623,1887,450,978,1358
1557,936,1284,105,928,2028
1558,233,516,1014,188,1773
1559,1423,451,1820,646,1339
1560,700,1961,1039,1784,1423
1562,1615,1530,979,109,581
1563,1494,188,1773,1334,1013
1564,542,701,965,1014,72
1565,1727,1354,1574,612,948
1566,1964,315,863,237,1337
1567,1577,2022,1521,1808,1263
1568,1509,29,911,2070,1537
1570,2032,1383,1910,315,885
1572,1828,965,1606,1780,1647
1573,482,56,1690,149,1485
1574,70,789,895,1565,1676
1575,761,780,1889,1702,1617
1576,1532,1466,696,418,117
1577,667,911,858,1567,538
1578,538,417,310,375,1365
1579,2032,1530,829,1485,1826
1580,1616,1780,1431,1963,136
1581,1337,1682,521,829,1950
1582,1950,383,1857,1340,432
1583,585,1797,1778,164,1094
1584,188,1773,1334,1013,1014
1585,1210,1454,2,128,132
1586,491,869,1010,188,1773
1587,2013,383,1995,4,1219
1588,90,175,562,1410,1150
1589,1493,261,188,1773,1334
1590,477,1615,1198,470,1188
1591,479,405,286,667,781
1592,1595,1264,631,1192,402
1593,1027,1113,405,1961,617
1594,196,1846,1997,125,1707
1595,1592,683,715,1336,1038
1596,402,2070,109,613,1889
1597,1920,654,38,1830,1407
1599,279,367,1977,404,716
1600,1198,1795,1821,1590,1186
1601,155,2055,681,596,737
1603,188,1773,1334,1013,1014
1604,154,241,2046,1358,874
1605,1519,527,1403,267,787
1606,1572,965,1828,1564,1023
1607,1171,1055,965,72,1773
1608,1773,188,1334,1013,1014
1611,188,1773,1334,1013,1014
1613,545,1107,347,219,65
1614,340,289,1255,1566,917
1615,188,1773,1334,1013,1014
1616,1580,1431,243,1908,853
1617,1204,590,828,784,393
1618,714,1211,1288,694,23
1619,986,241,823,512,377
1620,293,848,468,1605,1817
1621,39,1235,1101,838,307
1622,799,754,66,1087,1914
1623,177,649,1556,1438,1196
1624,94,968,368,765,1211
1625,2056,188,1773,1334,1013
1626,176,43,37,1802,806
1627,1889,2077,489,2093,402
1628,875,2021,2018,145,1186
1629,378,1944,214,264,735
1630,1364,461,1977,1840,140
1632,1423,700,646,1559,1820
1633,132,770,985,1033,785
1634,188,1773,1334,1013,1014
1635,1012,837,1508,1708,991
1636,532,1773,188,1334,1013
1637,2034,1404,1441,829,1789
1638,485,1495,805,695,60
1639,699,1839,719,18,1353
1640,402,869,979,534,616
1641,64,1790,1330,1138,900
1642,1395,1474,446,1498,1924
1643,1003,1210,428,471,1222
1644,1343,608,1596,188,1773
1646,236,1215,129,852,1899
1647,1572,1828,42,1606,965
1648,534,102,248,1259,1014
1649,36,2041,1020,662,1703
1650,917,1340,1240,1720,2045
1652,326,25,11,1146,162
1653,1741,577,1411,761,1497
1654,625,1244,1622,1787,1485
1655,753,1737,711,832,71
1656,184,2038,1973,632,1977
1657,718,1805,1015,293,517
1658,1948,975,896,286,632
1659,21,1988,2071,571,45
1660,1861,91,188,1773,1334
1661,1855,1366,959,482,49
1662,617,1180,1869,573,1434
1663,1908,350,1300,502,1572
1664,668,1444,830,56,1020
1665,188,1773,1334,1013,1014
1666,7,1071,1808,470,1457
1667,188,1773,1334,1013,72
1669,1279,1496,103,2060,188
1670,1745,372,958,2042,587
1671,295,529,1792,1702,491
1672,1964,1764,1844,1232,1832
1674,1773,188,1334,1013,72
1675,188,1773,1334,1013,1014
1676,1879,585,70,1574,1193
1677,1682,1353,265,1192,1974
1678,1773,188,1334,1013,1014
1679,1551,557,1925,2055,1841
1680,443,83,1608,895,758
1682,946,1128,1450,521,36
1683,1686,1784,1428,569,1088
1684,1146,326,25,1652,162
1685,1615,188,1773,1334,1013
1686,38,300,1272,688,1797
1687,226,815,1810,46,7
1688,829,481,1899,1910,527
1689,15,94,168,82,968
1690,1188,1102,243,632,1023
1691,1102,358,2029,465,474
1692,11,817,788,1398,1904
1693,942,188,1773,1334,1013
1694,1969,439,822,1961,700
1695,1416,1133,1277,1566,431
1696,188,1773,1334,1013,1014
1697,340,131,1991,1204,727
1699,713,1511,209,570,1193
1700,1073,972,1914,61,1335
1701,2057,1802,1997,1256,1047
1702,1889,2093,1627,696,1671
1703,2022,614,1293,545,1797
1704,188,1773,1334,1013,1014
1705,2092,2010,1087,619,1019
1706,1504,110,1752,398,888
1707,188,1773,1334,1013,1014
1708,1012,476,1508,1635,2032
1709,871,288,292,15,250
1710,1450,259,444,1888,1371
1711,1708,1280,1036,784,2009
1712,1192,1051,1236,1396,840
1715,1899,414,1844,1910,1188
1717,136,1555,632,700,815
1718,1646,1185,10,562,171
1719,1752,1084,2055,1540,750
1720,1030,1362,1650,921,1971
1721,467,1426,1357,608,297
1722,794,352,1014,72,1773
1723,1335,1972,1271,283,1345
1724,70,1554,188,1773,1334
1725,473,188,1773,1334,1013
1726,1564,305,231,701,1014
1727,369,1565,2092,1354,913
1728,62,837,1635,991,549
1729,1522,1354,188,1773,1334
1730,844,101,76,432,1613
1731,188,1773,1334,1013,1014
1732,1037,1004,1801,188,1773
1733,579,1040,668,1063,73
1734,479,1961,1666,757,1593
1736,667,858,1815,538,1351
1737,1464,1947,273,1655,1157
1740,632,286,691,137,1005
1741,1366,1084,1653,1897,1566
1742,1365,351,632,415,2033
1743,1111,356,36,525,949
1744,188,1773,1334,1013,1014
1745,1670,716,261,198,752
1746,1153,1407,728,940,1012
1747,1514,188,1773,1334,1013
1748,2053,2068,1214,466,1172
1749,196,1947,402,1530,1068
1751,993,1807,1861,1638,341
1752,126,862,2020,1075,1092
1753,1820,667,1795,339,1564
1754,601,1342,1976,1236,869
1755,1395,1108,1463,1622,20
1757,231,117,1097,667,1136
1758,188,1773,1334,1013,1014
1759,12,234,587,213,859
1760,1514,1099,189,718,1530
1761,617,1248,64,1345,1662
1762,966,1042,701,781,1559
1764,1672,1964,220,1155,1997
1765,188,1773,1334,1013,1014
1766,1120,417,46,781,24
1768,906,809,1189,781,1307
1769,737,1068,453,1272,1929
1770,1765,911,322,859,700
1771,641,1802,1014,1010,1773
1772,431,1615,1196,1846,1508
1773,188,1334,1013,1014,72
1774,1822,720,843,188,1773
1775,185,85,371,1022,1093
1776,1080,132,1056,1988,179
1777,1213,1604,1087,306,1281
1778,543,913,1403,1949,1407
1779,1845,972,1853,887,2100
1780,1365,1572,46,2021,781
1781,1816,535,458,1815,183
1782,5,180,188,1773,1334
1783,1466,38,2010,10,2034
1784,1380,1683,1802,1957,804
1785,1797,1566,1508,315,1012
1786,814,1452,1003,938,1799
1787,23,1325,1123,856,38
1788,1572,331,1606,1515,256
1789,1637,647,1424,1407,1277
1790,1291,1006,1641,1138,460
1791,924,1311,1451,1833,1002
1792,623,1889,640,1671,541
1793,398,570,1897,1282,1759
1794,787,432,896,1216,614
1795,511,72,1014,188,1773
1796,532,29,863,1318,578
1797,38,315,475,749,1785
1798,398,188,1773,1334,1013
1799,1786,72,816,1014,1773
1800,188,1773,1334,1013,1014
1801,1732,105,1891,936,2028
1802,1957,1784,427,1245,1701
1803,1431,898,1471,1973,1515
1804,1952,1240,362,1019,521
1805,140,829,366,1280,1657
1806,2092,1765,1875,1050,734
1807,1751,993,603,188,1773
1808,1071,1132,339,1828,470
1809,47,1272,1921,1966,26
1810,46,7,701,1687,815
1811,1253,1895,350,2087,339
1813,1365,415,1821,1564,305
1814,741,1321,1546,1797,1220
1815,1838,44,1256,61,1736
1816,1897,535,933,1438,1015
1817,1354,1566,477,137,913
1818,556,188,1773,1334,1013
1819,479,1726,188,1773,1334
1820,1564,1423,1753,415,1726
1821,1120,415,21,690,2038
1822,1221,1774,404,843,188
1823,633,1177,2059,1055,839
1824,1892,710,1674,1243,976
1825,188,1773,1334,1013,1014
1826,1337,804,1094,1741,1590
1827,914,1393,454,1027,490
1828,1572,965,1808,1071,1606
1829,1910,415,1058,243,1188
1830,1277,1465,1832,289,2001
1831,482,2084,1416,2034,1566
1832,1566,829,196,297,1277
1833,538,756,1791,847,1451
1834,1948,494,1851,1283,188
1835,398,266,838,1982,484
1836,410,188,1773,1334,1013
1838,243,1441,1815,398,1646
1839,1968,891,1639,699,719
1840,696,329,1500,562,470
1841,496,2046,257,1148,908
1842,1403,1011,188,1773,1334
1844,1899,1715,1832,852,1646
1845,1422,1778,696,1112,1264
1846,1594,1572,1025,496,1449
1847,1179,188,1334,1773,1013
1848,1406,911,1815,619,1303
1850,885,675,54,243,1188
1851,470,47,1132,1466,1056
1852,975,383,242,223,1587
1853,418,1212,968,784,20
1854,1121,1882,661,725,508
1855,1661,976,1416,1430,358
1856,502,1222,350,2065,390
1857,204,1524,1947,2057,2043
1858,865,295,324,1536,738
1859,188,1773,1334,1013,1014
1860,51,295,738,595,402
1861,860,1276,1660,993,1751
1862,1293,786,618,651,1233
1863,1143,966,781,1189,1145
1864,1224,1549,423,696,707
1865,403,265,685,914,979
1866,1017,1838,2052,1157,1465
1867,1362,1809,1079,1733,269
1868,313,595,719,188,1773
1869,64,898,955,260,1662
1871,1894,72,1773,188,1334
1872,362,1272,1380,1784,669
1873,136,905,1808,815,632
1874,2099,842,517,1991,1005
1875,477,1806,567,1824,1381
1877,1248,188,1773,1334,1013
1879,1676,650,1635,1005,789
1880,1686,531,1829,1425,2021
1881,263,1466,1222,1973,117
1882,2036,294,1854,118,929
1883,647,1926,1518,968,540
1885,972,1638,647,982,426
1887,964,1556,1172,1655,1623
1888,366,1212,426,1677,1228
1889,1702,2093,1627,541,1792
1890,751,1157,11,1759,618
1891,1747,1372,1801,20,618
1892,1824,744,583,188,1773
1893,188,1773,1334,1013,1014
1894,1871,853,861,305,1091
1895,1532,417,339,1071,136
1896,331,1377,2067,1360,440
1897,1741,1954,1816,1039,2059
1898,1145,851,781,1197,207
1899,1844,1715,1646,329,2032
1900,710,1258,142,1181,695
1902,1956,76,1092,663,158
1903,2037,1606,318,1795,1646
1904,1350,566,488,1083,1405
1905,398,32,334,1485,997
1906,1501,668,1428,173,1253
1907,154,282,64,1641,697
1908,1300,1663,502,1308,350
1909,1337,2033,1102,1300,732
1910,243,1829,1188,2032,862
1911,2034,173,2084,1566,629
1912,81,893,736,316,322
1914,754,1223,1153,1700,1238
1915,1590,1381,1420,188,1773
1917,188,1773,1334,1013,1014
1918,1596,188,1773,1334,1013
1919,464,1407,188,1773,1334
1920,29,906,1272,1597,1476
1921,1809,1278,1457,47,65
1922,188,1773,1334,1013,1014
1923,335,568,213,1329,33
1924,919,2038,1947,1743,586
1925,391,949,205,1679,633
1926,1883,1293,1282,1838,1075
1928,1345,83,1680,2032,898
1929,402,1068,187,282,1792
1930,1730,1161,76,1519,844
1931,188,1773,1334,1013,1014
1933,1449,1697,188,1773,1334
1934,1974,312,807,274,826
1935,525,614,839,1809,1107
1936,1302,1424,1133,2034,383
1937,690,214,1594,329,301
1938,38,431,567,511,1016
1939,2041,460,1941,546,807
1941,1170,2041,1430,1685,976
1942,428,2,66,1173,446
1944,969,1629,26,51,699
1946,2033,1476,1363,1829,568
1947,196,2038,1339,357,471
1948,1658,1069,1555,1834,975
1949,1778,1403,769,609,1333
1950,1178,173,1340,1992,1337
1951,1674,1524,934,204,318
1952,1302,665,1804,1240,1438
1954,322,1897,1961,1795,815
1955,1980,530,188,1773,1334
1956,1902,224,137,663,158
1957,1245,1802,567,1430,1784
1958,1202,1191,188,1773,1334
1959,2071,1572,492,1606,1811
1961,700,1780,305,1365,1734
1962,1220,2092,1705,1844,1727
1963,1780,1439,621,1365,310
1964,1566,237,465,464,1133
1965,1311,417,1532,781,1895
1966,47,1272,408,1809,431
1968,979,109,1839,1986,800
1969,1382,439,1694,116,822
1971,1030,1720,319,225,1982
1972,837,2099,450,750,1166
1973,498,1097,243,1365,969
1974,1485,1545,34,158,964
1975,69,1557,936,1084,1284
1976,443,601,1342,83,1754
1977,426,544,989,1656,447
1978,753,157,788,402,835
1979,2037,1564,375,1033,2087
1980,1122,1955,530,1270,188
1981,1407,2033,943,1102,1403
1982,266,813,1514,1098,1383
1983,757,477,72,816,1014
1984,1519,101,844,525,1176
1986,595,491,402,800,1968
1987,166,5,187,837,1635
1988,2097,1294,242,669,132
1989,1266,994,2016,1709,1625
1990,188,1773,1334,1013,1014
1991,1697,1874,1861,1228,131
1992,567,94,1524,2032,1470
1993,1381,1931,188,1773,1334
1994,1420,1491,1708,188,1773
1995,1422,1587,205,544,111
1996,1972,1793,1401,1833,81
1997,1594,1449,200,298,1802
1998,1451,1216,780,369,981
1999,606,844,1157,808,2068
2000,966,479,700,1762,757
2001,265,1830,512,986,614
2003,777,1284,1500,1740,444
2004,913,277,1114,315,1611
2005,622,383,837,1404,1223
2006,936,1557,255,837,1284
2007,1947,1650,1759,491,595
2008,953,196,77,1566,1416
2009,1765,2032,1910,1333,1821
2010,1705,1783,1012,1416,1441
2011,989,128,386,188,1773
2013,688,1407,913,266,1277
2014,699,224,23,117,480
2015,119,1012,178,377,887
2016,1502,1989,1165,1972,217
2017,863,1337,1255,414,1566
2018,781,1222,502,1666,1145
2019,1151,329,1177,130,785
2020,2038,301,1425,477,109
2021,1186,1666,145,1780,1628
2022,1703,545,678,2042,1808
2023,400,399,410,351,1446
2024,188,1773,1334,1013,1014
2025,1466,788,1104,117,1274
2027,899,1769,1682,1198,1813
2028,628,936,255,1557,928
2029,1102,1691,1164,1220,761
2030,1254,1159,426,1976,837
2031,542,965,1471,684,851
2032,829,1910,1899,315,1708
2033,2087,2037,1102,476,1476
2034,1911,1416,176,1831,1637
2035,799,1463,1335,721,1289
2036,398,32,617,1248,691
2037,1564,2087,1903,1533,375
2038,1820,701,305,1821,13
2039,1815,1465,1219,329,1838
2040,1387,1773,188,1334,1013
2041,36,1020,521,289,1682
2042,2022,668,1380,1419,300
2043,981,1216,178,1377,525
2044,691,1688,765,1740,1289
2045,259,1650,181,1041,371
2046,496,1841,516,686,519
2047,1286,1514,1982,813,1474
2048,1032,188,1773,1334,1013
2051,188,1773,1334,1013,1014
2052,143,699,1350,1866,1639
2053,620,1172,969,1748,457
2054,1056,146,305,1457,1429
2055,471,135,11,1601,557
2056,154,188,1773,1334,1013
2057,1701,1802,659,741,662
2058,1578,1014,72,188,1773
2059,305,318,1305,527,1726
2060,738,579,406,677,550
2061,231,1726,702,162,1197
2062,1545,1465,818,1277,769
2064,188,1773,1334,1013,1014
2065,1753,1820,700,1856,110
2066,874,779,686,316,1472
2067,1896,1501,1377,752,261
2068,1197,1898,581,851,853
2069,1368,1145,1083,808,1259
2070,911,109,1568,378,402
2071,1137,87,1959,1171,21
2072,521,289,861,1466,741
2075,1466,148,1773,188,1334
2076,401,1452,1950,1906,1337
2077,737,1707,23,912,1627
2078,1040,668,1906,629,1255
2079,162,781,1145,267,1430
2080,1454,1173,446,396,683
2081,1354,189,737,1832,1404
2083,977,188,1773,1334,1013
2084,1831,631,1911,1566,849
2085,188,1773,1334,1013,1014
2086,619,2020,266,196,1019
2087,188,1773,1014,1334,1013
2088,188,1773,1334,1013,1014
2090,560,1242,823,23,1038
2091,1793,188,1773,1334,1013
2092,1705,1727,1844,567,1333
2093,1889,1274,1702,1099,1627
2094,1106,175,1150,700,1957
2095,601,118,1976,262,1342
2096,919,511,773,1470,823
2097,1988,1566,196,871,2020
2099,1972,837,1475,1874,1060
2100,586,108,607,1924,1287
